2.905695569421204993e+00 9.410904019956785049e+00 9.354470811604468139e+00
2.677455105802799107e+00 9.221804679398344362e+00 7.182235515051575980e+00
2.753812097101906886e+00 7.125982995432369016e+00 5.313735763469017215e+00
2.935671595319222504e+00 7.258108503457695981e+00 2.517092321437523594e+00
2.079806224098560641e+00 5.574842729748283432e+00 3.055172008822897300e-01
3.338672066059717558e+00 5.621110130279686423e+00 -2.204202535447639999e+00
1.648320301513146457e+00 4.640487040260992124e+00 -4.306261837603011067e+00
2.702815252475563756e+00 3.558281526542226292e+00 -6.505413815207949035e+00
1.372081224282929446e+00 3.831279848665967602e+00 -8.184191638455159179e+00
6.648301742495179578e-01 3.324848437008686375e+00 -1.035198565919391100e+01
-1.091454917408050340e+00 4.423713406881892851e+00 -9.982466728154061997e+00
-8.433190974302511300e-01 5.813619055090334165e+00 -8.129176115538607306e+00
5.110584316856334741e-01 7.275518605350154822e+00 -7.234606366730170990e+00
1.269779280652288955e+00 8.135976440294481193e+00 -5.030436987188005915e+00
1.367557037277952636e+00 8.020645754755495460e+00 -2.334372048886991902e+00
-8.817067980492135360e-02 8.195031921934292640e+00 -2.089076932960680089e-01
7.687463688990305022e-02 8.075456761384275595e+00 2.479541588589475598e+00
-1.329355488597498969e+00 7.359507437801307006e+00 4.720946032032338202e+00
-1.385550159537835002e+00 7.581264054127817786e+00 7.443308766063534421e+00
-1.408285854087152567e+00 5.422919589056212963e+00 9.070252803716492451e+00
-7.443018758860594497e-01 4.618099069640013710e+00 1.151822439223018613e+01
4.157601131247570803e-01 1.120505906050512923e+00 1.076608201465796988e+01
1.880096369379009369e+00 -1.236655069483746594e+00 8.982201547181709600e+00
-9.590487751654150905e-01 -3.473807126570725323e+00 8.662426509988460310e+00
-2.787913812571774841e+00 -1.425688211424515295e+00 7.920980778313658988e+00
-1.210104270185371478e+00 -7.465359447658843906e-02 5.820143732288803662e+00
-1.122105820977396418e+00 -2.791316230900546813e+00 4.355222219968553965e+00
-4.214114157126504168e+00 -3.305336968836996459e+00 4.464673432755763116e+00
-4.820815048202665487e+00 -9.522707232456809612e-01 3.256176106212115062e+00
-2.995697524270281242e+00 -1.302799641577474965e+00 1.114939778688739169e+00
-4.197147964757487415e+00 -4.043364800527496250e+00 2.592141685824543296e-01
-6.895088333021465843e+00 -3.185492403928791294e+00 9.492844776340060575e-02
-6.072525498427076229e+00 -1.168821900108406586e+00 -1.512341831955407168e+00
-4.844643363926393498e+00 -2.971036888118716135e+00 -3.281654815624554633e+00
-7.031699991470899747e+00 -4.745297947411050821e+00 -3.618229686432568482e+00
-8.463619594300842763e+00 -3.339604331198039677e+00 -4.248389006933292578e+00
-7.318060597073577256e+00 -3.097983191384074519e+00 -6.317930085798054485e+00
-7.145694281762323463e+00 -5.392677580174918717e+00 -7.308680023552130756e+00
-4.527115626416835958e+00 -5.714379755513293802e+00 -6.971637443438096327e+00
-3.548723285245686920e+00 -8.004354928812084324e+00 -6.845710882413798437e+00
-1.310477129721438594e+00 -8.554825337464000867e+00 -5.667224709144137229e+00
8.706706590797206324e-01 -9.182707165462250742e+00 -4.368066498458567537e+00
1.666094704800013426e+00 -7.705657716414993530e+00 -2.277379744818016416e+00
3.742333051652602105e+00 -7.246142086859917342e+00 -6.936616742611615427e-01
4.210812020111908360e+00 -5.848022885397072379e+00 1.666605611128605835e+00
6.486838607287024772e+00 -4.642858979003022135e+00 2.563505465291278540e+00
6.571843356697169014e+00 -3.982494836349570910e+00 5.227416210448390999e+00
8.708904749803139111e+00 -2.350909031990596976e+00 5.106326701436877613e+00
7.444691098590340950e+00 -6.728475656190894272e-01 3.547978346930945825e+00
4.963968228842955632e+00 -1.247080377217667291e+00 4.208155806838238533e+00
4.227044550522152555e+00 -1.630220277150268293e+00 1.560147834834131331e+00
2.531360562278168302e+00 -3.525340345129392539e+00 2.140536236870463904e-01
2.559357286405789633e+00 -4.043755600706788300e+00 -2.490137741033460639e+00
8.531513451045845686e-01 -5.421726967160269695e+00 -4.338116077812422589e+00
1.616585179152934648e+00 -6.289720470030497168e+00 -6.740856713950359236e+00
1.301092267712586015e+00 -7.040056977469367538e+00 -8.544465170746667226e+00
