6.772047931429938175e-04
-1.295282689124733870e-02
-1.977613971282307301e-02
9.950666172313313296e-04
-1.236862132814963849e-01
-1.331678118912644343e-02
2.378057988226712355e-02
2.833462067806072349e-01
1.557970313235847171e-02
-9.600892285767417822e-02
-3.025817816104132141e-01
-2.583889198837940535e-02
1.283410803577884063e-01
2.414510022627446850e-01
4.081691623673204539e-02
-1.235786887897236536e-01
-1.571593588159732047e-01
-4.672384335381585957e-02
9.952130323567456860e-02
4.370864215370198064e-02
1.107100926358712406e-02
-2.666798651277233964e-02
3.881902827545722495e-02
5.333662662676721955e-02
-1.887705099358367306e-02
-1.244924731482552338e-02
-4.601481180341353283e-02
-3.445758728186502570e-03
1.656809187395523117e-02
2.561760685660581516e-02
2.331504699350063839e-02
2.780254216462810929e-02
5.407971042668935358e-02
3.714075974889383125e-02
-6.097640466581868285e-03
-7.019874818008577100e-02
-2.330879145963209165e-02
2.969235295695580798e-02
6.169626220037870146e-02
1.912247674668200378e-02
-1.066383328434061389e-01
7.142536756103351481e-03
-1.271125384332625063e-01
6.693035435068531158e-02
-4.884534293111594816e-02
1.665013234763226546e-01
2.445719447322289297e-04
6.773067788822750845e-02
-1.680048903916946668e-01
-9.081695614658477633e-02
-8.947459021930490031e-02
1.339981612943829670e-01
2.165013622342631394e-01
1.400765085105774854e-01
-4.950236659888816726e-02
-1.632718938262876784e-01
-1.550525188963729484e-01
3.142191705991060485e-02
2.360431418179015362e-01
7.543317426977397266e-02
-8.378770298265307559e-02
1.060433062414257721e-01
-2.745539533060069315e-02
-9.058660168260605772e-02
2.130576612123282199e-01
-3.809335859136510696e-03
7.293317057334522957e-01
-4.186264813336693091e-02
-6.704551151787759011e-02
-3.840117167794432351e-01
-2.745658143222074465e-01
2.010682145057781506e-02
-2.279453589085597143e-01
-1.238924903978110975e-01
-5.745299630214607128e-02
6.368275618486962664e-02
-1.063378714906755146e-01
1.901712671340016064e-02
-5.193805755658952028e-02
1.521597415389816174e-02
1.371327017486953792e-01
5.277116282723551266e-03
1.224132684018012368e-01
6.861105065438181938e-02
4.318627026213008729e-02
-1.481251237866784976e-01
-9.161362775651607504e-02
1.676702173364708753e-02
-1.353392192259399995e-01
-9.620354869330252634e-02
-6.424578797877186775e-02
1.624343788930260324e-01
7.062296415517077541e-02
6.422941472730901713e-02
5.600766347935094702e-02
-3.791277432081271992e-02
-2.048204712230870111e-02
-1.331819733696507080e-01
-4.259065494668738683e-02
-8.032870154001735263e-02
-1.674599383597278127e-02
7.732225900632642979e-02
7.720371038239848271e-02
8.631209520707332217e-02
1.960455677733294322e-02
1.781833199776068979e-02
2.353318667963105390e-02
-5.364527017185302671e-02
-1.307715407380899073e-02
-8.334030770803160793e-02
-4.637059460615960971e-03
3.661465864330025466e-02
9.663232288974588080e-02
6.876163458913808757e-02
-3.626919865770958373e-02
-1.294919966136239831e-01
-5.539950378404862041e-02
2.476578243078926891e-02
8.528515778476969400e-02
3.969345693822386167e-02
-1.450659624208347140e-02
-1.773513206336642389e-02
8.148853849736653610e-04
-2.520976297602282867e-02
9.157999180775244774e-02
3.183557943750291164e-02
4.001553025530239782e-02
-8.410796052771397913e-02
-4.626147902296558895e-02
-6.701272920962671187e-02
5.990686612413488599e-02
6.672838902528224758e-02
7.528114506189456656e-02
-5.088507388472637838e-02
-7.822248692326512487e-02
-6.644364802662182379e-02
4.316291209684509911e-02
6.874592285919264856e-02
5.041948751795949368e-02
3.744697823057755587e-02
-2.153455915693820374e-02
-5.509678950762997990e-02
7.503518537202123750e-03
-3.557655581096182823e-02
2.317221678702044430e-02
-5.466841424045142811e-02
2.935797745181209159e-02
1.477109667423536637e-02
-2.594790585267972918e-02
-6.583669066752054211e-02
-3.287171252614954492e-02
-1.114773202137515073e-01
5.961656662883888652e-02
8.343928298786329467e-02
1.552939763894175818e-01
-4.729863719053777060e-02
-1.485826373606188300e-01
-1.241534069287997116e-01
1.710544175986418447e-02
1.268413618917252905e-01
6.534827945633656099e-02
-3.572081080568964562e-02
-2.992612878347656463e-02
1.378242548761337422e-02
3.956379709541599232e-02
-3.627066566592278274e-04
-3.199900347538538192e-03
9.701158083652836051e-03
